2 76
104 88
105 90
111 214
3 220
4 224
5 228
6 232
9 244
10 256
11 257
12 268
13 280
15 289
110 297
16 300
17 306
18 318
19 324
20 328
21 330
22 331
107 341
23 346
24 350
112 352
108 354
26 364
113 378
109 399
27 403
28 417
29 421
30 441
98 444
31 446
32 457
33 461
35 497
100 500
36 524
37 668
38 915
39 923
40 931
102 944
103 966
41 999
42 1085
46 1124
47 1126
50 1141
51 1148
52 1151
54 1159
55 1161
57 1173
58 1175
59 1179
61 1189
62 1197
63 1199
64 1401
65 1405
66 1411
67 1417
68 1419
69 1423
70 1429
72 1448
73 1476
74 1494
75 1609
76 1611
77 1617
78 1622
79 1624
80 1626
81 1634
85 1679
86 1693
87 1903
114 1964
89 1993
90 2025
91 2043
92 2063
93 2073
94 2093
95 2183
96 2402
347 1000709
295 1000710
348 1000711
349 1000712
350 1000713
338 1000714
343 1000715
351 1000716
346 1000717
345 1000718
320 1004292
321 1004298
322 1004299
323 1004301
324 1004305
325 1004307
326 1004310
327 1004314
328 1004317
329 1004318
330 1004322
331 1004324
332 1004330
333 1004331
334 1004334
335 1004337
296 1007190
297 1007193
298 1007194
299 1007195
300 1007196
301 1007197
302 1007198
303 1007199
304 1007200
305 1007208
306 1007220
307 1007237
308 1007238
309 1007239
310 1007242
311 1007243
341 1007254
339 1007255
352 1007256
312 1007257
313 1007258
314 1007260
315 1007261
316 1007262
317 1007263
353 1012065
318 1012066
354 1012069
342 1012071
344 1012075
355 1012078
356 1012079
340 1012080
337 1012081
357 1012083
319 1012089
336 1012090
358 1012091
200 NS1-01
201 NS1-02
202 NS1-03
203 NS1-04
204 NS1-05
205 NS1-06
206 NS1-07
207 NS1-08
390 WG0099883-DNAA05_NEL000026
391 WG0099883-DNAA06_GIR000028
392 WG0099883-DNAA07_NEL000036
396 WG0099883-DNAB05_NEL000027
397 WG0099883-DNAB06_GIR000029
398 WG0099883-DNAB07_NEL000037
401 WG0099883-DNAC05_NEL000028
402 WG0099883-DNAC06_GIR000030
405 WG0099883-DNAD05_NEL000029
406 WG0099883-DNAD06_NEL000034
410 WG0099883-DNAE05_NEL000030
411 WG0099883-DNAE06_NEL000033
416 WG0099883-DNAF06_NEL000032
420 WG0099883-DNAG06_NEL000031
423 WG0099883-DNAH04_NEL000025
424 WG0099883-DNAH05_GIR000027
425 WG0099883-DNAH06_NEL000035
451 WG0099890-DNAA02_GIR000004
452 WG0099890-DNAA03_GIR000012
453 WG0099890-DNAA04_GIR000020
454 WG0099890-DNAA11_NDA000012
455 WG0099890-DNAB02_GIR000005
456 WG0099890-DNAB03_GIR000013
457 WG0099890-DNAB04_GIR000021
458 WG0099890-DNAB11_NDA000013
459 WG0099890-DNAB12_NDA000024
460 WG0099890-DNAC02_GIR000006
461 WG0099890-DNAC03_GIR000014
462 WG0099890-DNAC04_GIR000022
463 WG0099890-DNAC11_NDA000014
464 WG0099890-DNAC12_NDA000025
465 WG0099890-DNAD02_GIR000007
466 WG0099890-DNAD03_GIR000015
467 WG0099890-DNAD04_GIR000023
468 WG0099890-DNAD10_NDA000001
469 WG0099890-DNAD11_NDA000015
470 WG0099890-DNAD12_NDA000027
471 WG0099890-DNAE02_GIR000008
472 WG0099890-DNAE03_GIR000016
473 WG0099890-DNAE04_GIR000024
474 WG0099890-DNAE10_NDA000005
475 WG0099890-DNAE11_NDA000017
476 WG0099890-DNAE12_NDA000029
477 WG0099890-DNAF01_GIR000001
478 WG0099890-DNAF02_GIR000009
479 WG0099890-DNAF03_GIR000017
480 WG0099890-DNAF10_NDA000006
481 WG0099890-DNAF11_NDA000019
482 WG0099890-DNAF12_NDA000030
483 WG0099890-DNAG01_GIR000002
484 WG0099890-DNAG02_GIR000010
485 WG0099890-DNAG03_GIR000018
486 WG0099890-DNAG10_NDA000010
487 WG0099890-DNAG11_NDA000021
488 WG0099890-DNAG12_NDA000033
489 WG0099890-DNAH01_GIR000003
490 WG0099890-DNAH02_GIR000011
491 WG0099890-DNAH03_GIR000019
492 WG0099890-DNAH10_NDA000011
493 WG0099890-DNAH11_NDA000022
494 WG0099890-DNAH12_NDA000035
495 WG0099891-DNAA02_NEL000004
496 WG0099891-DNAA03_NEL000012
497 WG0099891-DNAA04_NEL000020
499 WG0099891-DNAB01_NDA000036
500 WG0099891-DNAB02_NEL000005
501 WG0099891-DNAB03_NEL000013
502 WG0099891-DNAB04_NEL000021
505 WG0099891-DNAC01_NDA000041
506 WG0099891-DNAC02_NEL000006
507 WG0099891-DNAC03_NEL000014
508 WG0099891-DNAC04_NEL000022
511 WG0099891-DNAD01_NDA000043
512 WG0099891-DNAD02_NEL000007
513 WG0099891-DNAD03_NEL000015
514 WG0099891-DNAD04_NEL000023
517 WG0099891-DNAE01_NDA000044
518 WG0099891-DNAE02_NEL000008
519 WG0099891-DNAE03_NEL000016
520 WG0099891-DNAE04_NEL000024
524 WG0099891-DNAF01_NEL000001
525 WG0099891-DNAF02_NEL000009
526 WG0099891-DNAF03_NEL000017
530 WG0099891-DNAG02_NEL000010
534 WG0099891-DNAH01_NEL000003
535 WG0099891-DNAH02_NEL000011
101 x194